105005  
164572  
56754  
88792  
165161  
106239  
131590  
163285  
169625  
168407  
189159  
173433  
177669  
140379  
16948  
148991  
166048  
183566  
168297  
145541  
176329  
156437  
146245  
40892  
1145  
159242  
158408  
165776  
121701  
105314  
126140  
150106  
148609  
24039  
99376  
158918  
172807  
107915  
107860  
160818  
132473  
97914  
87151  
157503  
164293  
110360  
56426  
58071  
30430  
14968  
79695  
85470  
12154  
43488  
102322  
17905  
91702  
77610  
124390  
19304  
33978  
92976  
136224  
30967  
85329  
126215  
88815  
25539  
45810  
96362  
52755  
37517  
53724  
78296  
30027  
20903  
90619  
142052  
74540  
74169  
126157  
84730  
80628  
155554  
164737  
176573  
188743  
170844  
160944  
74599  
47021  
110135  
157155  
164065  
153659  
152001  
131138  
137524  
124689  
60714  
72224  
68352  
125514  
125468  
125023  
144646  
145950  
145440  
129454  
71734  
38430  
81501  
74757  
96942  
141343  
99836  
124990  
123781  
116490  
130501  
104157  
70268  
102482  
149164  
137628  
100644  
73885  
211241  
176808  
71713  
79612  
139276  
159719  
50830  
74287  
113405  
152015  
73099  
44335  
140796  
144409  
59591  
93984  
158695  
92298  
43318  
47678  
121109  
174320  
152158  
15366  
48052  
160944  
150210  
96738  
41864  
138836  
29486  
45316  
27631  
31082  
75879  
69098  
60882  
119385  
131045  
128602  
139647  
126719  
133007  
107693  
67027  
120625  
149975  
32862  
44289  
93668  
100655  
25160  
16148  
38086  
89924  
30578  
11680  
10630  
12580  
18283  
81341  
8785  
50096  
87973  
67303  
85662  
128971  
105874  
78848  
110289  
108160  
123841  
49854  
55515  
85154  
120643  
99529  
120319  
133702  
139671  
146868  
127931  
35504  
142282  
159788  
146657  
124044  
132429  
130208  
177210  
163469  
130911  
149651  
74774  
164814  
164764  
146138  
130894  
152417  
130712  
92609  
159365  
162165  
167619  
60313  
136082  
182874  
165360  
115016  
56247  
31148  
24913  
80202  
85524  
155417  
113417  
116406  
135151  
172460  
164497  
106070  
78575  
190648  
167116  
54179  
122224  
146840  
137398  
143151  
133879  
84909  
173385  
160492  
154585  
170085  
170659  
150527  
163880  
141681  
75872  
74790  
91690  
167732  
91053  
165780  
151576  
87205  
125975  
139399  
154918  
142026  
126529  
30380  
118154  
72744  
114845  
129365  
111147  
88985  
112730  
112157  
99175  
119970  
62146  
95853  
121233  
146206  
103308  
125139  
144921  
144564  
159039  
66406  
62999  
138101  
148461  
142181  
146363  
143285  
158526  
151649  
143329  
62547  
151040  
126577  
153406  
124223  
147902  
130933  
124683  
183402  
63544  
114491  
65278  
133563  
91008  
86966  
88023  
15878  
48295  
57230  
64993  
125999  
87171  
82253  
122497  
117065  
111917  
132923  
161904  
140658  
170836  
169041  
157802  
170627  
56669  
142485  
167188  
160637  
126958  
131316  
170248  
211920  
130870  
86555  
136052  
159038  
176349  
177295  
84523  
87269  
186459  
179562  
155372  
174540  
79721  
145565  
194870  
149064  
95902  
50218  
51235  
93353  
181620  
183040  
145133  
57411  
124659  
172460  
189017  
161249  
132540  
18090  
20136  
141694  
134604  
163376  
80547  
95087  
84453  
111973  
152275  
172563  
170208  
111660  
162903  
178992  
140236  
172678  
151617  
63674  
116160  
187056  
41795  
151253  
173899  
162423  
195008  
160750  
107269  
97975  
117884  
56233  
62637  
106619  
49321  
75908  
136894  
128942  
147593  
86518  
135377  
80253  
133747  
15290  
153632  
132881  
135164  
165413  
158751  
146841  
162141  
133167  
152107  
136227  
128528  
116497  
131204  
181659  
183883  
217030  
172541  
77883  
104865  
81111  
123286  
172193  
161971  
157766  
137076  
146185  
187126  
163970  
167718  
95015  
142071  
131075  
166834  
150151  
140500  
167620  
165280  
143812  
96305  
69466  
147454  
67971  
125200  
107063  
125555  
49013  
62378  
76470  
103020  
33951  
111779  
154276  
131570  
70154  
51586  
124619  
106479  
171082  
178984  
154783  
171439  
174105  
149388  
142707  
62972  
89797  
160892  
142399  
105912  
127009  
149255  
170591  
138543  
60282  
156378  
173922  
221605  
128123  
129878  
113389  
111467  
170780  
154641  
143302  
80142  
142712  
167467  
184863  
169345  
108524  
114514  
169569  
175585  
114169  
82863  
73930  
119625  
105708  
168100  
183016  
144378  
194547  
221854  
111608  
164436  
144326  
133537  
84527  
124996  
85616  
90211  
118609  
144742  
136753  
152400  
143226  
90823  
95873  
88880  
70185  
119935  
143408  
66840  
166256  
191556  
194315  
198431  
188482  
126700  
121146  
89076  
69700  
89982  
103091  
103112  
163304  
179434  
100989  
99639  
172798  
150288  
55925  
171242  
45049  
142582  
139892  
152182  
150689  
80962  
35957  
150563  
124673  
191036  
154468  
126027  
109659  
139175  
103275  
160528  
161255  
151198  
129621  
155493  
124350  
116150  
147611  
142863  
160957  
165996  
167507  
166270  
162274  
135183  
93573  
144083  
145553  
140211  
131026  
118234  
152948  
143066  
143084  
53534  
80030  
100409  
132826  
136360  
93582  
127802  
56343  
14213  
79879  
70416  
38797  
126326  
79972  
113096  
150124  
78480  
135473  
150475  
131343  
123600  
136582  
137140  
96588  
111345  
140981  
178223  
168659  
103306  
153688  
173516  
145197  
172359  
54396  
122677  
153404  
191787  
126827  
103278  
154463  
92085  
157972  
130634  
132678  
51116  
134160  
120179  
143637  
140478  
61036  
78455  
148693  
146747  
120767  
111550  
67096  
89406  
130328  
157019  
170639  
163001  
158840  
181476  
143824  
187648  
130060  
65956  
76390  
94503  
133684  
145067  
179114  
97067  
204681  
154299  
134591  
163192  
123293  
163452  
84825  
96997  
124379  
142930  
173874  
105871  
131618  
128716  
188567  
155787  
184409  
174650  
71367  
87239  
144440  
185961  
194830  
139757  
160514  
155592  
159864  
185758  
167437  
145547  
33369  
118990  
117218  
179124  
163611  
215111  
203338  
156622  
144871  
126680  
143241  
129978  
116992  
137036  
178136  
150809  
152280  
153858  
141312  
113099  
65775  
74294  
176591  
159315  
163518  
160766  
106808  
136120  
124681  
152063  
73055  
117910  
86162  
119328  
86445  
121309  
123149  
111759  
38431  
38843  
85815  
168155  
138520  
90380  
31797  
132919  
122513  
98284  
132475  
143732  
121309  
112440  
152536  
131964  
112358  
127703  
124215  
175251  
114632  
106242  
98879  
97818  
116808  
128170  
143240  
134786  
143777  
132029  
126641  
54106  
118609  
166923  
161307  
179395  
139936  
167819  
179729  
166104  
154172  
119638  
53819  
72952  
100779  
147664  
150533  
150461  
104871  
114200  
175854  
169409  
153643  
130271  
79454  
124229  
126432  
146120  
164483  
158232  
100889  
148619  
193802  
183457  
175607  
124658  
81257  
76405  
127317  
114006  
125548  
168597  
104519  
122709  
146935  
173386  
136457  
157304  
89231  
143931  
157796  
165284  
208605  
142863  
152501  
176650  
173186  
121562  
136972  
102052  
168886  
161238  
174988  
162390  
74901  
140837  
142888  
142952  
92960  
98393  
132754  
140870  
149909  
110339  
113256  
152547  
97395  
109247  
36320  
132093  
104475  
147386  
121476  
92752  
141634  
99573  
109554  
133259  
121540  
94508  
146096  
128956  
95350  
45264  
81987  
49733  
22091  
27911  
34327  
63018  
162786  
133403  
149669  
140086  
137863  
130285  
87155  
85122  
145480  
153177  
178894  
173339  
161799  
101284  
115423  
129245  
51334  
66430  
108589  
127779  
160189  
179373  
173780  
164787  
154125  
136763  
115189  
115071  
103480  
118611  
146272  
108308  
112569  
172355  
126147  
94083  
95604  
62248  
150878  
146900  
170764  
118108  
114175  
164113  
141257  
142533  
158457  
96533  
57136  
153267  
184062  
120418  
99070  
170791  
156137  
88354  
151145  
94749  
76196  
130996  
160366  
114609  
73711  
142120  
123456  
115136  
101337  
119986  
139933  
187913  
109108  
125783  
164146  
170637  
160119  
72921  
152280  
168638  
80488  
147597  
142583  
130534  
103188  
98406  
158184  
108192  
144183  
101798  
77091  
66046  
144842  
105783  
39056  
80893  
95793  
78306  
91526  
110224  
142905  
155350  
118328  
155457  
144695  
65826  
141271  
136382  
136378  
119970  
140737  
161589  
122798  
93619  
167855  
169326  
101304  
149800  
182197  
159414  
81561  
20189  
109327  
113414  
121164  
71871  
159526  
121716  
111008  
127290  
49200  
73379  
117568  
159276  
114669  
101514  
145050  
157336  
123832  
100155  
130412  
170216  
133122  
105163  
150968  
146102  
91544  
64638  
180357  
129474  
142152  
159009  
137889  
168716  
78433  
46497  
105997  
136462  
170547  
159931  
45408  
95959  
37801  
63608  
46699  
79508  
93802  
101584  
60332  
92151  
58852  
71604  
140385  
120711  
124288  
102487  
121438  
109458  
103510  
137230  
168011  
112059  
130691  
114771  
136185  
143651  
92261  
181474  
163936  
135627  
160603  
147093  
114506  
40846  
37925  
